0,9,0,9
0,9,0,9
0,9,0,9
0,8,0,8
0,9,0,9
0,8,0,8
0,9,0,9
0,9,0,9
0,9,0,9
0,10,0,10
0,7,0,7
0,9,0,9
0,8,0,8
0,9,0,9
0,8,0,8
0,8,0,8
0,7,0,7
0,7,0,7
0,7,0,7
0,7,0,7
0,7,0,7
0,9,0,9
0,8,0,8
0,8,0,8
0,8,0,8
0,9,0,9
0,8,0,8
0,9,0,9
0,9,0,9
0,8,0,8
0,9,0,9
0,7,0,7
0,8,0,8
0,8,0,8
0,8,0,8
0,9,0,9
0,9,0,9
0,8,0,8
0,9,0,9
0,7,0,7
0,9,0,9
0,8,0,8
0,7,0,7
0,9,0,9
0,8,0,8
0,9,0,9
0,9,0,9
0,8,0,8
0,9,0,9
0,8,0,8
0,9,0,9
0,8,0,8
0,8,0,8
0,8,0,8
0,9,0,9
0,8,0,8
0,8,0,8
0,7,0,7
0,8,0,8
0,7,0,7
0,9,0,9
0,8,0,8
0,10,0,10
0,7,0,7
0,9,0,9
0,10,0,10
0,8,0,8
0,9,0,9
0,8,0,8
0,9,0,9
0,9,0,9
0,8,0,8
0,8,0,8
0,9,0,9
0,9,0,9
0,8,0,8
0,8,0,8
0,10,0,10
0,9,0,9
0,9,0,9
0,9,0,9
0,8,0,8
0,7,0,7
0,9,0,9
0,8,0,8
0,9,0,9
0,9,0,9
0,9,0,9
0,9,0,9
0,8,0,8
0,9,0,9
0,8,0,8
0,9,0,9
0,9,0,9
0,8,0,8
0,8,0,8
0,8,0,8
0,8,0,8
0,8,0,8
0,9,0,9
0.05,9,0,9
0.05,11,0,11
0.05,6,0,6
0.05,9,0,9
0.05,9,0,9
0.05,20,0,20
0.05,13,0,13
0.05,8,0,8
0.05,9,0,9
0.05,8,0,8
0.05,9,0,9
0.05,9,0,9
0.05,8,0,8
0.05,14,0,14
0.05,7,0,7
0.05,9,0,9
0.05,14,0,14
0.05,9,0,9
0.05,8,0,8
0.05,15,0,15
0.05,8,0,8
0.05,9,0,9
0.05,8,0,8
0.05,8,0,8
0.05,9,0,9
0.05,7,0,7
0.05,8,0,8
0.05,8,0,8
0.05,8,0,8
0.05,9,0,9
0.05,14,0,14
0.05,7,0,7
0.05,8,0,8
0.05,9,0,9
0.05,10,0,10
0.05,13,0,13
0.05,7,0,7
0.05,8,0,8
0.05,9,0,9
0.05,15,0,15
0.05,8,0,8
0.05,15,0,15
0.05,8,0,8
0.05,9,0,9
0.05,14,0,14
0.05,8,0,8
0.05,9,0,9
0.05,14,0,14
0.05,8,0,8
0.05,9,0,9
0.05,8,0,8
0.05,9,0,9
0.05,8,0,8
0.05,9,0,9
0.05,9,0,9
0.05,13,0,13
0.05,8,0,8
0.05,8,0,8
0.05,9,0,9
0.05,9,0,9
0.05,7,0,7
0.05,14,0,14
0.05,9,0,9
0.05,8,0,8
0.05,8,0,8
0.05,8,0,8
0.05,13,0,13
0.05,15,0,15
0.05,9,0,9
0.05,10,0,10
0.05,9,0,9
0.05,9,0,9
0.05,9,0,9
0.05,15,0,15
0.05,9,0,9
0.05,9,0,9
0.05,9,0,9
0.05,9,0,9
0.05,8,0,8
0.05,8,0,8
0.05,7,0,7
0.05,9,0,9
0.05,8,0,8
0.05,7,0,7
0.05,9,0,9
0.05,8,0,8
0.05,9,0,9
0.05,9,0,9
0.05,9,0,9
0.05,8,0,8
0.05,8,0,8
0.05,10,0,10
0.05,9,0,9
0.05,9,0,9
0.05,8,0,8
0.05,8,0,8
0.05,8,0,8
0.05,9,0,9
0.05,8,0,8
0.05,7,0,7
0.1,8,0,8
0.1,10,0,10
0.1,8,0,8
0.1,9,0,9
0.1,8,0,8
0.1,17,0,17
0.1,8,0,8
0.1,8,0,8
0.1,8,0,8
0.1,67,14,53
0.1,11,0,11
0.1,9,0,9
0.1,11,0,11
0.1,10,0,10
0.1,10,0,10
0.1,8,0,8
0.1,54,0,54
0.1,8,0,8
0.1,15,0,15
0.1,8,0,8
0.1,10,0,10
0.1,12,0,12
0.1,15,0,15
0.1,9,0,9
0.1,8,0,8
0.1,9,0,9
0.1,7,0,7
0.1,14,0,14
0.1,8,0,8
0.1,7,0,7
0.1,9,0,9
0.1,7,0,7
0.1,13,0,13
0.1,9,0,9
0.1,9,0,9
0.1,8,0,8
0.1,7,0,7
0.1,7,0,7
0.1,15,0,15
0.1,9,0,9
0.1,8,0,8
0.1,7,0,7
0.1,6,0,6
0.1,10,0,10
0.1,7,0,7
0.1,8,0,8
0.1,8,0,8
0.1,9,0,9
0.1,9,0,9
0.1,9,0,9
0.1,18,0,18
0.1,19,0,19
0.1,10,0,10
0.1,7,0,7
0.1,9,0,9
0.1,10,0,10
0.1,6,0,6
0.1,8,0,8
0.1,9,0,9
0.1,46,0,46
0.1,9,0,9
0.1,9,0,9
0.1,8,0,8
0.1,9,0,9
0.1,7,0,7
0.1,10,0,10
0.1,13,0,13
0.1,9,0,9
0.1,8,0,8
0.1,9,0,9
0.1,9,0,9
0.1,55,0,55
0.1,7,0,7
0.1,8,0,8
0.1,7,0,7
0.1,10,0,10
0.1,8,0,8
0.1,8,0,8
0.1,9,0,9
0.1,15,0,15
0.1,9,0,9
0.1,23,0,23
0.1,18,0,18
0.1,8,0,8
0.1,8,0,8
0.1,8,0,8
0.1,8,0,8
0.1,7,0,7
0.1,54,0,54
0.1,8,0,8
0.1,8,0,8
0.1,13,0,13
0.1,9,0,9
0.1,8,0,8
0.1,10,0,10
0.1,9,0,9
0.1,9,0,9
0.1,8,0,8
0.1,21,0,21
0.1,6,0,6
0.15,9,0,9
0.15,14,0,14
0.15,8,0,8
0.15,9,0,9
0.15,7,0,7
0.15,8,0,8
0.15,9,0,9
0.15,54,1,53
0.15,8,0,8
0.15,8,0,8
0.15,9,0,9
0.15,7,0,7
0.15,9,0,9
0.15,9,0,9
0.15,9,0,9
0.15,14,0,14
0.15,8,0,8
0.15,9,0,9
0.15,8,0,8
0.15,18,0,18
0.15,7,0,7
0.15,19,0,19
0.15,8,0,8
0.15,8,0,8
0.15,9,0,9
0.15,9,0,9
0.15,8,0,8
0.15,11,0,11
0.15,122,25,97
0.15,8,0,8
0.15,25,0,25
0.15,10,0,10
0.15,8,0,8
0.15,106,44,62
0.15,8,0,8
0.15,9,0,9
0.15,50,6,44
0.15,9,0,9
0.15,9,0,9
0.15,8,0,8
0.15,8,0,8
0.15,9,0,9
0.15,21,0,21
0.15,7,0,7
0.15,9,0,9
0.15,9,0,9
0.15,7,0,7
0.15,26,0,26
0.15,14,0,14
0.15,9,0,9
0.15,14,0,14
0.15,10,0,10
0.15,9,0,9
0.15,8,0,8
0.15,9,0,9
0.15,41,0,41
0.15,19,0,19
0.15,8,0,8
0.15,10,0,10
0.15,9,0,9
0.15,8,0,8
0.15,9,0,9
0.15,95,27,68
0.15,9,0,9
0.15,9,0,9
0.15,8,0,8
0.15,40,0,40
0.15,14,0,14
0.15,180,68,112
0.15,8,0,8
0.15,11,0,11
0.15,38,1,37
0.15,9,0,9
0.15,7,0,7
0.15,9,0,9
0.15,9,0,9
0.15,94,14,80
0.15,9,0,9
0.15,10,0,10
0.15,8,0,8
0.15,20,0,20
0.15,8,0,8
0.15,7,0,7
0.15,9,0,9
0.15,49,0,49
0.15,10,0,10
0.15,22,0,22
0.15,9,0,9
0.15,21,0,21
0.15,8,0,8
0.15,8,0,8
0.15,8,0,8
0.15,12,0,12
0.15,9,0,9
0.15,7,0,7
0.15,14,0,14
0.15,29,0,29
0.15,13,0,13
0.15,8,0,8
0.15,14,0,14
0.2,13,0,13
0.2,8,0,8
0.2,7,0,7
0.2,9,0,9
0.2,641,316,325
0.2,354,134,220
0.2,14,0,14
0.2,6,0,6
0.2,13,0,13
0.2,32,0,32
0.2,9,0,9
0.2,7,0,7
0.2,23,0,23
0.2,9,0,9
0.2,140,57,83
0.2,45,2,43
0.2,20,0,20
0.2,9,0,9
0.2,10,0,10
0.2,9,0,9
0.2,9,0,9
0.2,8,0,8
0.2,9,0,9
0.2,66,26,40
0.2,8,0,8
0.2,10,0,10
0.2,10,0,10
0.2,65,9,56
0.2,62,2,60
0.2,8,0,8
0.2,40,0,40
0.2,8,0,8
0.2,113,29,84
0.2,8,0,8
0.2,13,0,13
0.2,7,0,7
0.2,9,0,9
0.2,12,0,12
0.2,9,0,9
0.2,13,0,13
0.2,8,0,8
0.2,9,0,9
0.2,14,0,14
0.2,8,0,8
0.2,8,0,8
0.2,233,71,162
0.2,8,0,8
0.2,9,0,9
0.2,9,0,9
0.2,13,0,13
0.2,8,0,8
0.2,15,0,15
0.2,18,0,18
0.2,7,0,7
0.2,8,0,8
0.2,8,0,8
0.2,9,0,9
0.2,17,0,17
0.2,14,0,14
0.2,9,0,9
0.2,9,0,9
0.2,8,0,8
0.2,260,96,164
0.2,9,0,9
0.2,25,0,25
0.2,8,0,8
0.2,9,0,9
0.2,38,2,36
0.2,8,0,8
0.2,13,0,13
0.2,102,56,46
0.2,9,0,9
0.2,8,0,8
0.2,8,0,8
0.2,44,0,44
0.2,24,0,24
0.2,20,0,20
0.2,192,84,108
0.2,7,0,7
0.2,7,0,7
0.2,8,0,8
0.2,13,0,13
0.2,12,0,12
0.2,8,0,8
0.2,8,0,8
0.2,14,0,14
0.2,8,0,8
0.2,7,0,7
0.2,8,0,8
0.2,148,57,91
0.2,16,0,16
0.2,8,0,8
0.2,30,0,30
0.2,8,0,8
0.2,57,11,46
0.2,82,12,70
0.2,9,0,9
0.2,8,0,8
0.2,9,0,9
0.2,8,0,8
0.25,9,0,9
0.25,9,0,9
0.25,8,0,8
0.25,46,0,46
0.25,9,0,9
0.25,117,61,56
0.25,384,218,166
0.25,9,0,9
0.25,9,0,9
0.25,7,0,7
0.25,8,0,8
0.25,13,0,13
0.25,12,0,12
0.25,14,0,14
0.25,9,0,9
0.25,15,0,15
0.25,7,0,7
0.25,9,0,9
0.25,7,0,7
0.25,29,0,29
0.25,7,0,7
0.25,7,0,7
0.25,375,199,176
0.25,8,0,8
0.25,8,0,8
0.25,8,0,8
0.25,9,0,9
0.25,455,198,257
0.25,830,470,360
0.25,6,0,6
0.25,10,0,10
0.25,14,0,14
0.25,8,0,8
0.25,267,126,141
0.25,9,0,9
0.25,9,0,9
0.25,128,62,66
0.25,29,0,29
0.25,497,241,256
0.25,13,0,13
0.25,14,0,14
0.25,9,0,9
0.25,9,0,9
0.25,13,0,13
0.25,8,0,8
0.25,8,0,8
0.25,8,0,8
0.25,9,0,9
0.25,449,231,218
0.25,14,0,14
0.25,7,0,7
0.25,588,339,249
0.25,9,0,9
0.25,8,0,8
0.25,258,130,128
0.25,8,0,8
0.25,8,0,8
0.25,19,0,19
0.25,26,0,26
0.25,367,172,195
0.25,63,18,45
0.25,54,7,47
0.25,298,163,135
0.25,18,0,18
0.25,129,55,74
0.25,8,0,8
0.25,393,243,150
0.25,91,15,76
0.25,170,74,96
0.25,8,0,8
0.25,319,133,186
0.25,8,0,8
0.25,9,0,9
0.25,45,0,45
0.25,774,453,321
0.25,8,0,8
0.25,38,1,37
0.25,9,0,9
0.25,8,0,8
0.25,18,0,18
0.25,39,0,39
0.25,8,0,8
0.25,167,56,111
0.25,194,62,132
0.25,894,519,375
0.25,18,0,18
0.25,247,118,129
0.25,9,0,9
0.25,9,0,9
0.25,374,168,206
0.25,594,359,235
0.25,18,0,18
0.25,220,121,99
0.25,14,0,14
0.25,8,0,8
0.25,10,0,10
0.25,7,0,7
0.25,19,0,19
0.25,8,0,8
0.25,5,0,5
0.3,700,488,212
0.3,13,0,13
0.3,880,571,309
0.3,631,424,207
0.3,381,255,126
0.3,10,0,10
0.3,8,0,8
0.3,1807,1204,603
0.3,632,425,207
0.3,19,0,19
0.3,8,0,8
0.3,29,0,29
0.3,13,0,13
0.3,311,222,89
0.3,7,0,7
0.3,11,0,11
0.3,445,213,232
0.3,7,0,7
0.3,8,0,8
0.3,7,0,7
0.3,9,0,9
0.3,188,82,106
0.3,13,0,13
0.3,8,0,8
0.3,9,0,9
0.3,11,0,11
0.3,8,0,8
0.3,43,0,43
0.3,13,0,13
0.3,7,0,7
0.3,11,0,11
0.3,465,285,180
0.3,8,0,8
0.3,548,291,257
0.3,15,0,15
0.3,544,353,191
0.3,143,88,55
0.3,1656,1153,503
0.3,15,0,15
0.3,8,0,8
0.3,422,277,145
0.3,1926,1282,644
0.3,8,0,8
0.3,8,0,8
0.3,750,499,251
0.3,9,0,9
0.3,273,140,133
0.3,8,0,8
0.3,8,0,8
0.3,28,0,28
0.3,8,0,8
0.3,463,284,179
0.3,14,0,14
0.3,908,562,346
0.3,9,0,9
0.3,215,104,111
0.3,8,0,8
0.3,213,83,130
0.3,9,0,9
0.3,2572,1730,842
0.3,151,94,57
0.3,8,0,8
0.3,13,0,13
0.3,1479,953,526
0.3,7,0,7
0.3,13,0,13
0.3,8,0,8
0.3,825,524,301
0.3,558,390,168
0.3,14,0,14
0.3,18,0,18
0.3,718,465,253
0.3,1657,1140,517
0.3,542,379,163
0.3,687,380,307
0.3,8,0,8
0.3,9,0,9
0.3,1192,813,379
0.3,13,0,13
0.3,38,1,37
0.3,10,0,10
0.3,872,584,288
0.3,14,0,14
0.3,8,0,8
0.3,9,0,9
0.3,88,7,81
0.3,705,494,211
0.3,901,580,321
0.3,8,0,8
0.3,10,0,10
0.3,300,174,126
0.3,9,0,9
0.3,7,0,7
0.3,278,163,115
0.3,316,192,124
0.3,8,0,8
0.3,8,0,8
0.3,8,0,8
0.3,7,0,7
0.3,8,0,8
0.35,13,0,13
0.35,555,398,157
0.35,3017,2339,678
0.35,4583,3435,1148
0.35,3254,2453,801
0.35,13,0,13
0.35,7,0,7
0.35,804,599,205
0.35,1495,1138,357
0.35,3866,2939,927
0.35,985,756,229
0.35,8,0,8
0.35,2133,1538,595
0.35,2398,1832,566
0.35,8,0,8
0.35,9,0,9
0.35,1537,1045,492
0.35,8,0,8
0.35,10,0,10
0.35,850,640,210
0.35,1852,1388,464
0.35,553,410,143
0.35,8,0,8
0.35,43,4,39
0.35,7,0,7
0.35,14,0,14
0.35,8,0,8
0.35,721,435,286
0.35,440,311,129
0.35,1813,1388,425
0.35,7,0,7
0.35,7,0,7
0.35,13,0,13
0.35,9,0,9
0.35,750,546,204
0.35,8,0,8
0.35,169,106,63
0.35,2657,1994,663
0.35,13,0,13
0.35,18,0,18
0.35,1920,1307,613
0.35,9,0,9
0.35,957,701,256
0.35,2419,1872,547
0.35,344,240,104
0.35,8,0,8
0.35,2384,1772,612
0.35,30,0,30
0.35,1521,1155,366
0.35,530,396,134
0.35,6,0,6
0.35,8,0,8
0.35,489,316,173
0.35,7,0,7
0.35,8,0,8
0.35,7,0,7
0.35,8,0,8
0.35,9,0,9
0.35,13,0,13
0.35,2707,1936,771
0.35,7,0,7
0.35,13,0,13
0.35,1286,919,367
0.35,15,0,15
0.35,626,427,199
0.35,7,0,7
0.35,416,274,142
0.35,10,0,10
0.35,7,0,7
0.35,9,0,9
0.35,2816,2063,753
0.35,765,501,264
0.35,3159,2325,834
0.35,8,0,8
0.35,1784,1271,513
0.35,9,0,9
0.35,8,0,8
0.35,243,168,75
0.35,21,0,21
0.35,9,0,9
0.35,993,757,236
0.35,9,0,9
0.35,790,595,195
0.35,9,0,9
0.35,9,0,9
0.35,9,0,9
0.35,1134,886,248
0.35,2020,1483,537
0.35,1173,892,281
0.35,18,0,18
0.35,8,0,8
0.35,1205,881,324
0.35,2292,1699,593
0.35,958,732,226
0.35,7,0,7
0.35,8,0,8
0.35,1204,882,322
0.35,2413,1696,717
0.35,1155,831,324
0.35,8,0,8
0.4,3948,3268,680
0.4,118,48,70
0.4,678,527,151
0.4,15,0,15
0.4,1188,923,265
0.4,18,0,18
0.4,8,0,8
0.4,9,0,9
0.4,9,0,9
0.4,3100,2491,609
0.4,9,0,9
0.4,6648,5313,1335
0.4,2034,1580,454
0.4,2323,1811,512
0.4,4175,3368,807
0.4,3778,3002,776
0.4,10,0,10
0.4,4615,3680,935
0.4,5123,4071,1052
0.4,1640,1302,338
0.4,8,0,8
0.4,1728,1326,402
0.4,7589,6117,1472
0.4,6936,5648,1288
0.4,6128,5106,1022
0.4,8,0,8
0.4,9,0,9
0.4,4501,3602,899
0.4,8,0,8
0.4,7,0,7
0.4,1892,1530,362
0.4,9,0,9
0.4,3816,3105,711
0.4,8343,6653,1690
0.4,3541,2859,682
0.4,2027,1665,362
0.4,3322,2647,675
0.4,7,0,7
0.4,18,0,18
0.4,5834,4749,1085
0.4,784,626,158
0.4,5698,4645,1053
0.4,9,0,9
0.4,8,0,8
0.4,953,695,258
0.4,2036,1602,434
0.4,2044,1612,432
0.4,9276,7447,1829
0.4,8,0,8
0.4,9,0,9
0.4,9541,7754,1787
0.4,9,0,9
0.4,2573,2071,502
0.4,10,0,10
0.4,5906,4772,1134
0.4,6029,4999,1030
0.4,8,0,8
0.4,2035,1611,424
0.4,5816,4784,1032
0.4,12,0,12
0.4,6402,5154,1248
0.4,2025,1649,376
0.4,14,0,14
0.4,1096,855,241
0.4,8,0,8
0.4,2115,1700,415
0.4,5259,4167,1092
0.4,4791,3762,1029
0.4,8852,7181,1671
0.4,2485,1982,503
0.4,8,0,8
0.4,4767,3802,965
0.4,18,0,18
0.4,9,0,9
0.4,8,0,8
0.4,3199,2553,646
0.4,1269,996,273
0.4,2729,2238,491
0.4,5161,4209,952
0.4,8801,7117,1684
0.4,3529,2835,694
0.4,2904,2335,569
0.4,7,0,7
0.4,9,0,9
0.4,9,0,9
0.4,602,494,108
0.4,8,0,8
0.4,6736,5445,1291
0.4,10,0,10
0.4,3196,2561,635
0.4,8,0,8
0.4,5121,4102,1019
0.4,12,0,12
0.4,1370,1125,245
0.4,8,0,8
0.4,8,0,8
0.4,9,0,9
0.4,8,0,8
0.4,2489,1997,492
0.4,5905,4838,1067
0.45,11228,9677,1551
0.45,5648,4818,830
0.45,9582,8133,1449
0.45,739,612,127
0.45,9,0,9
0.45,2572,2190,382
0.45,9,0,9
0.45,3070,2652,418
0.45,10887,9344,1543
0.45,15,0,15
0.45,14498,12395,2103
0.45,13,0,13
0.45,4030,3398,632
0.45,16534,14354,2180
0.45,9,0,9
0.45,1909,1599,310
0.45,15984,13578,2406
0.45,6648,5615,1033
0.45,6694,5701,993
0.45,7,0,7
0.45,10,0,10
0.45,1256,1081,175
0.45,1565,1360,205
0.45,9,0,9
0.45,8959,7516,1443
0.45,16579,14195,2384
0.45,8123,6921,1202
0.45,4878,4145,733
0.45,12377,10667,1710
0.45,7,0,7
0.45,7720,6563,1157
0.45,9,0,9
0.45,2380,2018,362
0.45,12175,10265,1910
0.45,8332,7107,1225
0.45,9,0,9
0.45,2850,2454,396
0.45,9,0,9
0.45,8,0,8
0.45,12306,10504,1802
0.45,9,0,9
0.45,2073,1710,363
0.45,6571,5556,1015
0.45,2779,2327,452
0.45,8,0,8
0.45,5349,4493,856
0.45,9,0,9
0.45,8,0,8
0.45,6261,5405,856
0.45,9293,7817,1476
0.45,9,0,9
0.45,1264,1012,252
0.45,9301,7944,1357
0.45,5641,4831,810
0.45,5363,4565,798
0.45,15955,13629,2326
0.45,9,0,9
0.45,10900,9283,1617
0.45,8,0,8
0.45,8,0,8
0.45,3365,2865,500
0.45,13,0,13
0.45,3528,2963,565
0.45,8,0,8
0.45,2742,2285,457
0.45,24,0,24
0.45,8287,7139,1148
0.45,7188,6067,1121
0.45,6857,5846,1011
0.45,16845,14352,2493
0.45,5963,5167,796
0.45,6260,5253,1007
0.45,9,0,9
0.45,10,0,10
0.45,19807,16968,2839
0.45,3996,3442,554
0.45,5798,4911,887
0.45,8,0,8
0.45,994,803,191
0.45,8635,7383,1252
0.45,9924,8357,1567
0.45,20014,17137,2877
0.45,1808,1537,271
0.45,9319,7947,1372
0.45,14,0,14
0.45,9,0,9
0.45,5114,4382,732
0.45,9434,7963,1471
0.45,5761,4980,781
0.45,6763,5736,1027
0.45,7987,6717,1270
0.45,9,0,9
0.45,7,0,7
0.45,14520,12326,2194
0.45,671,554,117
0.45,8,0,8
0.45,24175,20846,3329
0.45,7520,6401,1119
0.45,2961,2528,433
0.45,1236,1032,204
0.5,9,0,9
0.5,20104,17634,2470
0.5,8,0,8
0.5,8,0,8
0.5,1304,1101,203
0.5,14980,13173,1807
0.5,8,0,8
0.5,6227,5493,734
0.5,29073,25690,3383
0.5,6762,5955,807
0.5,2324,2034,290
0.5,4263,3693,570
0.5,11143,9824,1319
0.5,10087,8940,1147
0.5,9,0,9
0.5,8,0,8
0.5,9,0,9
0.5,14235,12464,1771
0.5,18410,16210,2200
0.5,8,0,8
0.5,3404,2989,415
0.5,5074,4452,622
0.5,14639,12978,1661
0.5,9,0,9
0.5,9,0,9
0.5,4399,3862,537
0.5,15399,13637,1762
0.5,7,0,7
0.5,12794,11340,1454
0.5,10888,9594,1294
0.5,26064,23026,3038
0.5,25210,22316,2894
0.5,8,0,8
0.5,24014,21229,2785
0.5,3937,3444,493
0.5,9,0,9
0.5,13692,12037,1655
0.5,6139,5407,732
0.5,15,0,15
0.5,3071,2673,398
0.5,10750,9461,1289
0.5,3162,2781,381
0.5,13,0,13
0.5,14091,12398,1693
0.5,11723,10316,1407
0.5,10110,8890,1220
0.5,11204,9880,1324
0.5,8411,7372,1039
0.5,3806,3337,469
0.5,10249,9011,1238
0.5,8,0,8
0.5,2428,2105,323
0.5,2424,2079,345
0.5,14773,13090,1683
0.5,9,0,9
0.5,4224,3656,568
0.5,8,0,8
0.5,18,0,18
0.5,9553,8389,1164
0.5,2248,1932,316
0.5,12629,11166,1463
0.5,11,0,11
0.5,11844,10454,1390
0.5,14,0,14
0.5,9,0,9
0.5,9,0,9
0.5,9,0,9
0.5,6235,5453,782
0.5,14380,12651,1729
0.5,3989,3473,516
0.5,6356,5536,820
0.5,3644,3192,452
0.5,13002,11407,1595
0.5,9,0,9
0.5,14,0,14
0.5,14,0,14
0.5,9,0,9
0.5,10,0,10
0.5,26820,23782,3038
0.5,12905,11378,1527
0.5,611,513,98
0.5,16645,14695,1950
0.5,16,0,16
0.5,2885,2529,356
0.5,17503,15498,2005
0.5,8302,7272,1030
0.5,9592,8478,1114
0.5,13616,12040,1576
0.5,8171,7151,1020
0.5,10,0,10
0.5,21084,18659,2425
0.5,19401,17120,2281
0.5,15,0,15
0.5,10979,9680,1299
0.5,23451,20740,2711
0.5,9,0,9
0.5,19,0,19
0.5,9,0,9
0.5,12,0,12
0.5,1896,1648,248
